q,rvnm,stcd,stnm,tm,wptn,z
6830,长江干流,60105400,寸滩,1769875200000,4,169.840
6820,长江干流,60105400,寸滩,1769878800000,4,169.830
6800,长江干流,60105400,寸滩,1769882400000,4,169.820
6770,长江干流,60105400,寸滩,1769886000000,4,169.790
6770,长江干流,60105400,寸滩,1769889600000,4,169.770
6870,长江干流,60105400,寸滩,1769893200000,4,169.750
6910,长江干流,60105400,寸滩,1769896800000,4,169.740
6870,长江干流,60105400,寸滩,1769900400000,6,169.740
6700,长江干流,60105400,寸滩,1769911200000,6,169.770
6600,长江干流,60105400,寸滩,1769918400000,5,169.790
6580,长江干流,60105400,寸滩,1769922000000,6,169.790
6570,长江干流,60105400,寸滩,1769925600000,4,169.780
6590,长江干流,60105400,寸滩,1769929200000,6,169.780
6600,长江干流,60105400,寸滩,1769932800000,4,169.770
6560,长江干流,60105400,寸滩,1769936400000,6,169.770
6540,长江干流,60105400,寸滩,1769940000000,6,169.770
6630,长江干流,60105400,寸滩,1769943600000,4,169.750
6790,长江干流,60105400,寸滩,1769947200000,6,169.750
6890,长江干流,60105400,寸滩,1769950800000,6,169.750
6920,长江干流,60105400,寸滩,1769954400000,5,169.760
6950,长江干流,60105400,寸滩,1769958000000,5,169.770
6940,长江干流,60105400,寸滩,1769961600000,6,169.770
6940,长江干流,60105400,寸滩,1769965200000,5,169.780
6880,长江干流,60105400,寸滩,1769968800000,4,169.770
6840,长江干流,60105400,寸滩,1769972400000,4,169.740
6820,长江干流,60105400,寸滩,1769976000000,4,169.710
6850,长江干流,60105400,寸滩,1769979600000,4,169.680
6800,长江干流,60105400,寸滩,1769983200000,4,169.660
6790,长江干流,60105400,寸滩,1769986800000,6,169.660
6740,长江干流,60105400,寸滩,1769994000000,5,169.670
6750,长江干流,60105400,寸滩,1770004800000,5,169.710
6890,长江干流,60105400,寸滩,1770008400000,5,169.730
7140,长江干流,60105400,寸滩,1770012000000,5,169.760
7420,长江干流,60105400,寸滩,1770015600000,5,169.780
7390,长江干流,60105400,寸滩,1770019200000,5,169.800
7290,长江干流,60105400,寸滩,1770022800000,5,169.810
7340,长江干流,60105400,寸滩,1770026400000,6,169.810
7330,长江干流,60105400,寸滩,1770030000000,6,169.810
7230,长江干流,60105400,寸滩,1770037200000,6,169.800
7140,长江干流,60105400,寸滩,1770040800000,6,169.800
7080,长江干流,60105400,寸滩,1770044400000,5,169.810
7080,长江干流,60105400,寸滩,1770048000000,4,169.800
7060,长江干流,60105400,寸滩,1770051600000,6,169.800
7240,长江干流,60105400,寸滩,1770073200000,5,169.700
7260,长江干流,60105400,寸滩,1770084000000,5,169.770
7200,长江干流,60105400,寸滩,1770091200000,5,169.790
7170,长江干流,60105400,寸滩,1770094800000,5,169.810
7150,长江干流,60105400,寸滩,1770098400000,5,169.820
7120,长江干流,60105400,寸滩,1770102000000,5,169.830
7110,长江干流,60105400,寸滩,1770105600000,6,169.830
7140,长江干流,60105400,寸滩,1770109200000,6,169.830
7120,长江干流,60105400,寸滩,1770112800000,6,169.830
7010,长江干流,60105400,寸滩,1770116400000,6,169.830
6860,长江干流,60105400,寸滩,1770123600000,4,169.810
6780,长江干流,60105400,寸滩,1770127200000,4,169.800
6760,长江干流,60105400,寸滩,1770130800000,6,169.800
6740,长江干流,60105400,寸滩,1770134400000,4,169.790
6770,长江干流,60105400,寸滩,1770138000000,4,169.780
6800,长江干流,60105400,寸滩,1770141600000,4,169.760
6790,长江干流,60105400,寸滩,1770145200000,4,169.730
6760,长江干流,60105400,寸滩,1770148800000,4,169.690
6910,长江干流,60105400,寸滩,1770152400000,4,169.660
7260,长江干流,60105400,寸滩,1770156000000,6,169.660
7360,长江干流,60105400,寸滩,1770159600000,5,169.670
7040,长江干流,60105400,寸滩,1770166800000,5,169.710
6960,长江干流,60105400,寸滩,1770174000000,5,169.750
7150,长江干流,60105400,寸滩,1770177600000,5,169.780
7300,长江干流,60105400,寸滩,1770181200000,5,169.800
7370,长江干流,60105400,寸滩,1770184800000,5,169.830
7430,长江干流,60105400,寸滩,1770188400000,5,169.850
7440,长江干流,60105400,寸滩,1770192000000,5,169.870
7490,长江干流,60105400,寸滩,1770195600000,5,169.880
7430,长江干流,60105400,寸滩,1770199200000,4,169.870
7190,长江干流,60105400,寸滩,1770202800000,4,169.860
7260,长江干流,60105400,寸滩,1770206400000,4,169.850
7500,长江干流,60105400,寸滩,1770210000000,5,169.860
7440,长江干流,60105400,寸滩,1770213600000,6,169.860
7150,长江干流,60105400,寸滩,1770217200000,6,169.860
6990,长江干流,60105400,寸滩,1770220800000,4,169.840
6880,长江干流,60105400,寸滩,1770224400000,4,169.830
6830,长江干流,60105400,寸滩,1770228000000,4,169.800
长江干流,60105400,寸滩,1770231600000,4,169.760
6760,长江干流,60105400,寸滩,1770235200000,4,169.720
6730,长江干流,60105400,寸滩,1770238800000,4,169.690
6690,长江干流,60105400,寸滩,1770242400000,4,169.660
6650,长江干流,60105400,寸滩,1770246000000,4,169.630
6530,长江干流,60105400,寸滩,1770253200000,6,169.630
6500,长江干流,60105400,寸滩,1770260400000,5,169.650
6770,长江干流,60105400,寸滩,1770264000000,5,169.670
7110,长江干流,60105400,寸滩,1770267600000,5,169.710
7360,长江干流,60105400,寸滩,1770271200000,5,169.760
6890,长江干流,60105400,寸滩,1770282000000,4,169.810
6740,长江干流,60105400,寸滩,1770285600000,4,169.800
6640,长江干流,60105400,寸滩,1770289200000,4,169.780
6610,长江干流,60105400,寸滩,1770292800000,4,169.770
6640,长江干流,60105400,寸滩,1770296400000,4,169.760
6670,长江干流,60105400,寸滩,1770300000000,4,169.750
6690,长江干流,60105400,寸滩,1770303600000,6,169.750
6730,长江干流,60105400,寸滩,1770307200000,4,169.740
6780,长江干流,60105400,寸滩,1770310800000,6,169.740
6820,长江干流,60105400,寸滩,1770314400000,4,169.730
6860,长江干流,60105400,寸滩,1770318000000,4,169.700
6910,长江干流,60105400,寸滩,1770321600000,4,169.670
6910,长江干流,60105400,寸滩,1770325200000,4,169.650
6940,长江干流,60105400,寸滩,1770328800000,4,169.620
6900,长江干流,60105400,寸滩,1770332400000,4,169.610
6800,长江干流,60105400,寸滩,1770339600000,5,169.630
6840,长江干流,60105400,寸滩,1770354000000,5,169.670
7170,长江干流,60105400,寸滩,1770357600000,5,169.700
7310,长江干流,60105400,寸滩,1770361200000,5,169.730
7040,长江干流,60105400,寸滩,1770364800000,5,169.740
6860,长江干流,60105400,寸滩,1770368400000,6,169.740
6720,长江干流,60105400,寸滩,1770372000000,4,169.730
6650,长江干流,60105400,寸滩,1770375600000,4,169.720
6620,长江干流,60105400,寸滩,1770379200000,4,169.700
6610,长江干流,60105400,寸滩,1770382800000,6,169.700
6600,长江干流,60105400,寸滩,1770386400000,6,169.700
6590,长江干流,60105400,寸滩,1770390000000,4,169.690
6600,长江干流,60105400,寸滩,1770393600000,5,169.700
6600,长江干流,60105400,寸滩,1770397200000,6,169.700
6630,长江干流,60105400,寸滩,1770400800000,4,169.690
6640,长江干流,60105400,寸滩,1770404400000,4,169.670
6690,长江干流,60105400,寸滩,1770408000000,4,169.640
6910,长江干流,60105400,寸滩,1770411600000,4,169.620
6850,长江干流,60105400,寸滩,1770415200000,4,169.600
6730,长江干流,60105400,寸滩,1770418800000,4,169.590
6610,长江干流,60105400,寸滩,1770426000000,5,169.610
6690,长江干流,60105400,寸滩,1770436800000,5,169.630
7080,长江干流,60105400,寸滩,1770440400000,5,169.650
7230,长江干流,60105400,寸滩,1770444000000,5,169.680
7050,长江干流,60105400,寸滩,1770447600000,5,169.700
6880,长江干流,60105400,寸滩,1770451200000,5,169.710
6800,长江干流,60105400,寸滩,1770454800000,6,169.710
6770,长江干流,60105400,寸滩,1770458400000,4,169.700
6750,长江干流,60105400,寸滩,1770462000000,4,169.690
6750,长江干流,60105400,寸滩,1770465600000,6,169.690
6770,长江干流,60105400,寸滩,1770469200000,6,169.690
6790,长江干流,60105400,寸滩,1770472800000,6,169.690
6790,长江干流,60105400,寸滩,1770476400000,6,169.690
6790,长江干流,60105400,寸滩,1770480000000,6,169.690
6790,长江干流,60105400,寸滩,1770483600000,5,169.700
6770,长江干流,60105400,寸滩,1770487200000,4,169.680
6750,长江干流,60105400,寸滩,1770490800000,4,169.660
6720,长江干流,60105400,寸滩,1770494400000,4,169.630
6690,长江干流,60105400,寸滩,1770498000000,4,169.600
6610,长江干流,60105400,寸滩,1770501600000,4,169.570
6500,长江干流,60105400,寸滩,1770505200000,4,169.560
6130,长江干流,60105400,寸滩,1770519600000,6,169.550
长江干流,60105400,寸滩,1770526800000,6,169.550
5900,长江干流,60105400,寸滩,1770530400000,4,169.540
5850,长江干流,60105400,寸滩,1770534000000,6,169.540
5790,长江干流,60105400,寸滩,1770537600000,6,169.540
5780,长江干流,60105400,寸滩,1770541200000,4,169.520
5850,长江干流,60105400,寸滩,1770544800000,4,169.500
5870,长江干流,60105400,寸滩,1770548400000,4,169.490
5920,长江干流,60105400,寸滩,1770552000000,4,169.480
5990,长江干流,60105400,寸滩,1770555600000,6,169.480
6040,长江干流,60105400,寸滩,1770559200000,5,169.490
6110,长江干流,60105400,寸滩,1770562800000,6,169.490
6160,长江干流,60105400,寸滩,1770566400000,5,169.500
6220,长江干流,60105400,寸滩,1770570000000,6,169.500
6270,长江干流,60105400,寸滩,1770573600000,6,169.500
6260,长江干流,60105400,寸滩,1770577200000,4,169.480
6290,长江干流,60105400,寸滩,1770580800000,4,169.460
6290,长江干流,60105400,寸滩,1770584400000,4,169.440
6250,长江干流,60105400,寸滩,1770588000000,4,169.410
6210,长江干流,60105400,寸滩,1770591600000,4,169.400
6020,长江干流,60105400,寸滩,1770602400000,6,169.400
6130,长江干流,60105400,寸滩,1770609600000,6,169.410
6230,长江干流,60105400,寸滩,1770613200000,5,169.420
6260,长江干流,60105400,寸滩,1770616800000,5,169.440
6260,长江干流,60105400,寸滩,1770620400000,5,169.460
6240,长江干流,60105400,寸滩,1770624000000,5,169.480
6270,长江干流,60105400,寸滩,1770627600000,5,169.490
6250,长江干流,60105400,寸滩,1770631200000,6,169.490
6130,长江干流,60105400,寸滩,1770634800000,4,169.470
6060,长江干流,60105400,寸滩,1770642000000,6,169.450
6020,长江干流,60105400,寸滩,1770645600000,4,169.440
6110,长江干流,60105400,寸滩,1770649200000,4,169.430
6220,长江干流,60105400,寸滩,1770652800000,4,169.420
6210,长江干流,60105400,寸滩,1770656400000,6,169.420
6230,长江干流,60105400,寸滩,1770660000000,4,169.410
6330,长江干流,60105400,寸滩,1770663600000,4,169.380
6300,长江干流,60105400,寸滩,1770667200000,4,169.350
6380,长江干流,60105400,寸滩,1770670800000,4,169.320
6390,长江干流,60105400,寸滩,1770674400000,4,169.300
6320,长江干流,60105400,寸滩,1770678000000,4,169.290
6240,长江干流,60105400,寸滩,1770688800000,5,169.330
6350,长江干流,60105400,寸滩,1770696000000,6,169.350
6560,长江干流,60105400,寸滩,1770703200000,5,169.380
6590,长江干流,60105400,寸滩,1770706800000,6,169.380
6440,长江干流,60105400,寸滩,1770714000000,6,169.380
6380,长江干流,60105400,寸滩,1770717600000,4,169.360
6200,长江干流,60105400,寸滩,1770721200000,4,169.340
6200,长江干流,60105400,寸滩,1770724800000,4,169.330
6220,长江干流,60105400,寸滩,1770732000000,6,169.330
6350,长江干流,60105400,寸滩,1770735600000,6,169.330
6370,长江干流,60105400,寸滩,1770739200000,5,169.340
6410,长江干流,60105400,寸滩,1770742800000,5,169.350
6480,长江干流,60105400,寸滩,1770746400000,6,169.350
6500,长江干流,60105400,寸滩,1770750000000,4,169.340
6550,长江干流,60105400,寸滩,1770753600000,4,169.320
6540,长江干流,60105400,寸滩,1770757200000,4,169.300
6460,长江干流,60105400,寸滩,1770760800000,4,169.290
6530,长江干流,60105400,寸滩,1770764400000,4,169.280
6440,长江干流,60105400,寸滩,1770768000000,5,169.290
6170,长江干流,60105400,寸滩,1770782400000,5,169.330
6100,长江干流,60105400,寸滩,1770786000000,6,169.330
6020,长江干流,60105400,寸滩,1770789600000,4,169.320
5960,长江干流,60105400,寸滩,1770793200000,6,169.320
5920,长江干流,60105400,寸滩,1770796800000,4,169.310
5880,长江干流,60105400,寸滩,1770800400000,4,169.290
5880,长江干流,60105400,寸滩,1770804000000,4,169.270
5940,长江干流,60105400,寸滩,1770807600000,4,169.250
5940,长江干流,60105400,寸滩,1770811200000,4,169.240
5980,长江干流,60105400,寸滩,1770814800000,4,169.230
6090,长江干流,60105400,寸滩,1770822000000,6,169.230
6150,长江干流,60105400,寸滩,1770825600000,5,169.240
6210,长江干流,60105400,寸滩,1770829200000,5,169.260
6260,长江干流,60105400,寸滩,1770832800000,6,169.260
6300,长江干流,60105400,寸滩,1770836400000,4,169.250
6370,长江干流,60105400,寸滩,1770840000000,4,169.230
6370,长江干流,60105400,寸滩,1770843600000,4,169.210
6350,长江干流,60105400,寸滩,1770847200000,4,169.190
6370,长江干流,60105400,寸滩,1770850800000,4,169.180
6190,长江干流,60105400,寸滩,1770861600000,5,169.210
6020,长江干流,60105400,寸滩,1770868800000,6,169.200
5950,长江干流,60105400,寸滩,1770872400000,4,169.180
5920,长江干流,60105400,寸滩,1770876000000,6,169.180
5930,长江干流,60105400,寸滩,1770879600000,4,169.170
5900,长江干流,60105400,寸滩,1770883200000,4,169.160
5870,长江干流,60105400,寸滩,1770886800000,6,169.160
5880,长江干流,60105400,寸滩,1770890400000,4,169.150
5900,长江干流,60105400,寸滩,1770894000000,4,169.140
6130,长江干流,60105400,寸滩,1770901200000,4,169.120
6210,长江干流,60105400,寸滩,1770904800000,4,169.110
6270,长江干流,60105400,寸滩,1770908400000,5,169.120
6410,长江干流,60105400,寸滩,1770915600000,5,169.150
6490,长江干流,60105400,寸滩,1770919200000,6,169.150
6490,长江干流,60105400,寸滩,1770922800000,6,169.150
6530,长江干流,60105400,寸滩,1770926400000,4,169.130
6510,长江干流,60105400,寸滩,1770930000000,4,169.110
6470,长江干流,60105400,寸滩,1770933600000,4,169.100
6450,长江干流,60105400,寸滩,1770937200000,4,169.090
6110,长江干流,60105400,寸滩,1770951600000,5,169.110
6030,长江干流,60105400,寸滩,1770955200000,4,169.100
5840,长江干流,60105400,寸滩,1770962400000,4,169.080
5780,长江干流,60105400,寸滩,1770966000000,6,169.080
5750,长江干流,60105400,寸滩,1770969600000,6,169.080
5710,长江干流,60105400,寸滩,1770973200000,4,169.060
5730,长江干流,60105400,寸滩,1770976800000,4,169.050
5770,长江干流,60105400,寸滩,1770980400000,4,169.030
5860,长江干流,60105400,寸滩,1770984000000,4,169.020
5930,长江干流,60105400,寸滩,1770987600000,4,169.010
6060,长江干流,60105400,寸滩,1770991200000,6,169.010
6090,长江干流,60105400,寸滩,1770994800000,6,169.010
6150,长江干流,60105400,寸滩,1770998400000,6,169.010
6210,长江干流,60105400,寸滩,1771002000000,6,169.010
6240,长江干流,60105400,寸滩,1771005600000,6,169.010
6290,长江干流,60105400,寸滩,1771009200000,4,168.990
6300,长江干流,60105400,寸滩,1771012800000,4,168.960
6300,长江干流,60105400,寸滩,1771016400000,4,168.940
6330,长江干流,60105400,寸滩,1771020000000,4,168.930
6280,长江干流,60105400,寸滩,1771023600000,6,168.930
6210,长江干流,60105400,寸滩,1771027200000,5,168.940
6220,长江干流,60105400,寸滩,1771038000000,5,168.970
6340,长江干流,60105400,寸滩,1771041600000,5,168.980
6320,长江干流,60105400,寸滩,1771045200000,5,169.000
6360,长江干流,60105400,寸滩,1771048800000,5,169.010
6260,长江干流,60105400,寸滩,1771052400000,5,169.020
6360,长江干流,60105400,寸滩,1771056000000,6,169.020
6340,长江干流,60105400,寸滩,1771059600000,6,169.020
6410,长江干流,60105400,寸滩,1771063200000,4,169.010
6480,长江干流,60105400,寸滩,1771066800000,4,169.000
6610,长江干流,60105400,寸滩,1771070400000,5,169.010
6820,长江干流,60105400,寸滩,1771074000000,5,169.030
6780,长江干流,60105400,寸滩,1771077600000,5,169.040
6720,长江干流,60105400,寸滩,1771081200000,5,169.050
6630,长江干流,60105400,寸滩,1771084800000,6,169.050
6630,长江干流,60105400,寸滩,1771088400000,6,169.050
6720,长江干流,60105400,寸滩,1771092000000,4,169.030
6740,长江干流,60105400,寸滩,1771095600000,4,168.990
6850,长江干流,60105400,寸滩,1771099200000,4,168.960
6920,长江干流,60105400,寸滩,1771102800000,4,168.930
6930,长江干流,60105400,寸滩,1771106400000,4,168.920
6890,长江干流,60105400,寸滩,1771110000000,6,168.920
6720,长江干流,60105400,寸滩,1771117200000,6,168.920
6420,长江干流,60105400,寸滩,1771128000000,5,168.960
6340,长江干流,60105400,寸滩,1771131600000,5,168.970
6250,长江干流,60105400,寸滩,1771135200000,4,168.960
6160,长江干流,60105400,寸滩,1771138800000,5,168.970
6150,长江干流,60105400,寸滩,1771142400000,6,168.970
6100,长江干流,60105400,寸滩,1771146000000,4,168.960
6100,长江干流,60105400,寸滩,1771149600000,4,168.950
6130,长江干流,60105400,寸滩,1771153200000,4,168.940
6080,长江干流,60105400,寸滩,1771156800000,4,168.930
6090,长江干流,60105400,寸滩,1771160400000,4,168.910
6040,长江干流,60105400,寸滩,1771164000000,5,168.920
6100,长江干流,60105400,寸滩,1771167600000,5,168.930
6040,长江干流,60105400,寸滩,1771171200000,4,168.920
6010,长江干流,60105400,寸滩,1771174800000,4,168.910
5990,长江干流,60105400,寸滩,1771178400000,4,168.870
5990,长江干流,60105400,寸滩,1771182000000,4,168.850
5880,长江干流,60105400,寸滩,1771185600000,4,168.820
5810,长江干流,60105400,寸滩,1771189200000,4,168.800
5930,长江干流,60105400,寸滩,1771192800000,4,168.780
5880,长江干流,60105400,寸滩,1771196400000,6,168.780
5690,长江干流,60105400,寸滩,1771207200000,5,168.830
5640,长江干流,60105400,寸滩,1771214400000,5,168.860
5570,长江干流,60105400,寸滩,1771218000000,4,168.850
5940,长江干流,60105400,寸滩,1771222320000,168.840
5240,长江干流,60105400,寸滩,1771225200000,4,168.830
5150,长江干流,60105400,寸滩,1771228800000,4,168.820
5020,长江干流,60105400,寸滩,1771232400000,6,168.820
4860,长江干流,60105400,寸滩,1771236000000,4,168.810
4820,长江干流,60105400,寸滩,1771239600000,4,168.800
4690,长江干流,60105400,寸滩,1771243200000,4,168.780
4760,长江干流,60105400,寸滩,1771246800000,4,168.770
4520,长江干流,60105400,寸滩,1771250400000,6,168.770
4450,长江干流,60105400,寸滩,1771254000000,4,168.760
4430,长江干流,60105400,寸滩,1771257600000,4,168.740
4510,长江干流,60105400,寸滩,1771261200000,4,168.700
4500,长江干流,60105400,寸滩,1771264800000,4,168.650
4580,长江干流,60105400,寸滩,1771268400000,4,168.600
4560,长江干流,60105400,寸滩,1771272000000,4,168.550
4410,长江干流,60105400,寸滩,1771275600000,4,168.520
4370,长江干流,60105400,寸滩,1771279200000,4,168.480
4330,长江干流,60105400,寸滩,1771282800000,4,168.450
4460,长江干流,60105400,寸滩,1771293600000,5,168.450
4390,长江干流,60105400,寸滩,1771300800000,6,168.450
4370,长江干流,60105400,寸滩,1771304400000,4,168.440
4360,长江干流,60105400,寸滩,1771308000000,5,168.450
4630,长江干流,60105400,寸滩,1771311600000,6,168.450
4840,长江干流,60105400,寸滩,1771315200000,5,168.460
4660,长江干流,60105400,寸滩,1771318800000,6,168.460
4590,长江干流,60105400,寸滩,1771322400000,5,168.470
4550,长江干流,60105400,寸滩,1771326000000,6,168.470
4640,长江干流,60105400,寸滩,1771329600000,6,168.470
4820,长江干流,60105400,寸滩,1771333200000,5,168.480
4940,长江干流,60105400,寸滩,1771336800000,5,168.500
4880,长江干流,60105400,寸滩,1771340400000,5,168.520
4760,长江干流,60105400,寸滩,1771344000000,6,168.520
4480,长江干流,60105400,寸滩,1771347600000,4,168.500
4330,长江干流,60105400,寸滩,1771351200000,4,168.430
4290,长江干流,60105400,寸滩,1771354800000,4,168.370
4260,长江干流,60105400,寸滩,1771358400000,4,168.310
4330,长江干流,60105400,寸滩,1771362000000,4,168.260
4400,长江干流,60105400,寸滩,1771365600000,4,168.220
4410,长江干流,60105400,寸滩,1771369200000,4,168.200
4520,长江干流,60105400,寸滩,1771376400000,5,168.220
4600,长江干流,60105400,寸滩,1771387200000,5,168.250
4500,长江干流,60105400,寸滩,1771390800000,6,168.250
4500,长江干流,60105400,寸滩,1771394400000,6,168.250
4560,长江干流,60105400,寸滩,1771398000000,4,168.240
4480,长江干流,60105400,寸滩,1771401600000,6,168.240
4430,长江干流,60105400,寸滩,1771405200000,4,168.230
4320,长江干流,60105400,寸滩,1771408800000,4,168.220
4260,长江干流,60105400,寸滩,1771412400000,4,168.210
4220,长江干流,60105400,寸滩,1771416000000,4,168.200
4190,长江干流,60105400,寸滩,1771419600000,4,168.190
4360,长江干流,60105400,寸滩,1771423200000,5,168.200
4680,长江干流,60105400,寸滩,1771426800000,5,168.220
4760,长江干流,60105400,寸滩,1771430400000,5,168.240
4830,长江干流,60105400,寸滩,1771434000000,6,168.240
4540,长江干流,60105400,寸滩,1771437600000,4,168.200
4390,长江干流,60105400,寸滩,1771441200000,4,168.140
4310,长江干流,60105400,寸滩,1771444800000,4,168.080
4490,长江干流,60105400,寸滩,1771448400000,4,168.030
4840,长江干流,60105400,寸滩,1771452000000,4,168.010
4810,长江干流,60105400,寸滩,1771455600000,4,168.000
4680,长江干流,60105400,寸滩,1771459200000,6,168.000
4510,长江干流,60105400,寸滩,1771470000000,5,168.050
4450,长江干流,60105400,寸滩,1771477200000,4,168.020
4400,长江干流,60105400,寸滩,1771480800000,4,168.000
4420,长江干流,60105400,寸滩,1771484400000,4,167.980
4460,长江干流,60105400,寸滩,1771488000000,4,167.970
4480,长江干流,60105400,寸滩,1771491600000,4,167.960
4430,长江干流,60105400,寸滩,1771495200000,4,167.940
4430,长江干流,60105400,寸滩,1771498800000,6,167.940
4680,长江干流,60105400,寸滩,1771502400000,6,167.940
5050,长江干流,60105400,寸滩,1771506000000,6,167.940
4990,长江干流,60105400,寸滩,1771509600000,5,167.980
5130,长江干流,60105400,寸滩,1771513200000,5,168.010
4980,长江干流,60105400,寸滩,1771516800000,5,168.040
4810,长江干流,60105400,寸滩,1771520400000,6,168.040
4820,长江干流,60105400,寸滩,1771524000000,4,168.000
4720,长江干流,60105400,寸滩,1771527600000,4,167.970
4680,长江干流,60105400,寸滩,1771531200000,4,167.930
4770,长江干流,60105400,寸滩,1771534800000,4,167.890
4690,长江干流,60105400,寸滩,1771538400000,4,167.860
4560,长江干流,60105400,寸滩,1771542000000,4,167.840
4560,长江干流,60105400,寸滩,1771549200000,6,167.830
4510,长江干流,60105400,寸滩,1771556400000,5,167.850
4520,长江干流,60105400,寸滩,1771563600000,6,167.850
4520,长江干流,60105400,寸滩,1771567200000,6,167.850
4510,长江干流,60105400,寸滩,1771570800000,6,167.850
4480,长江干流,60105400,寸滩,1771574400000,6,167.850
4370,长江干流,60105400,寸滩,1771578000000,4,167.840
4260,长江干流,60105400,寸滩,1771581600000,4,167.820
4120,长江干流,60105400,寸滩,1771585200000,4,167.800
4070,长江干流,60105400,寸滩,1771588800000,4,167.780
4070,长江干流,60105400,寸滩,1771592400000,4,167.770
4210,长江干流,60105400,寸滩,1771596000000,6,167.770
4210,长江干流,60105400,寸滩,1771599600000,5,167.780
4150,长江干流,60105400,寸滩,1771603200000,5,167.800
4170,长江干流,60105400,寸滩,1771606800000,4,167.790
4190,长江干流,60105400,寸滩,1771610400000,4,167.750
4320,长江干流,60105400,寸滩,1771614000000,4,167.700
4300,长江干流,60105400,寸滩,1771617600000,4,167.640
4440,长江干流,60105400,寸滩,1771621200000,4,167.610
4430,长江干流,60105400,寸滩,1771624800000,4,167.590
4460,长江干流,60105400,寸滩,1771628400000,4,167.570
4520,长江干流,60105400,寸滩,1771635600000,5,167.580
4580,长江干流,60105400,寸滩,1771646400000,6,167.630
4650,长江干流,60105400,寸滩,1771650000000,6,167.630
4690,长江干流,60105400,寸滩,1771653600000,6,167.630
4670,长江干流,60105400,寸滩,1771657200000,6,167.630
4700,长江干流,60105400,寸滩,1771660800000,6,167.630
4770,长江干流,60105400,寸滩,1771664400000,6,167.630
4730,长江干流,60105400,寸滩,1771668000000,4,167.620
4730,长江干流,60105400,寸滩,1771671600000,4,167.610
4730,长江干流,60105400,寸滩,1771675200000,4,167.600
4700,长江干流,60105400,寸滩,1771678800000,4,167.590
4760,长江干流,60105400,寸滩,1771682400000,5,167.600
4740,长江干流,60105400,寸滩,1771686000000,5,167.620
4650,长江干流,60105400,寸滩,1771689600000,5,167.630
4630,长江干流,60105400,寸滩,1771693200000,4,167.620
4570,长江干流,60105400,寸滩,1771696800000,4,167.580
4900,长江干流,60105400,寸滩,1771700400000,4,167.550
5060,长江干流,60105400,寸滩,1771704000000,4,167.530
5270,长江干流,60105400,寸滩,1771707600000,4,167.520
5310,长江干流,60105400,寸滩,1771711200000,4,167.500
5130,长江干流,60105400,寸滩,1771714800000,4,167.490
4950,长江干流,60105400,寸滩,1771722000000,5,167.510
4850,长江干流,60105400,寸滩,1771729200000,6,167.520
5040,长江干流,60105400,寸滩,1771736400000,4,167.510
4880,长江干流,60105400,寸滩,1771740000000,6,167.510
4790,长江干流,60105400,寸滩,1771743600000,4,167.500
4630,长江干流,60105400,寸滩,1771747200000,4,167.490
4500,长江干流,60105400,寸滩,1771750800000,4,167.470
4440,长江干流,60105400,寸滩,1771754400000,4,167.450
4390,长江干流,60105400,寸滩,1771758000000,4,167.430
4300,长江干流,60105400,寸滩,1771761600000,4,167.410
4270,长江干流,60105400,寸滩,1771765200000,6,167.410
4310,长江干流,60105400,寸滩,1771768800000,6,167.410
4440,长江干流,60105400,寸滩,1771772400000,5,167.430
4520,长江干流,60105400,寸滩,1771776000000,5,167.440
4610,长江干流,60105400,寸滩,1771779600000,6,167.440
4640,长江干流,60105400,寸滩,1771783200000,4,167.410
4510,长江干流,60105400,寸滩,1771786800000,4,167.370
4580,长江干流,60105400,寸滩,1771790400000,4,167.330
4770,长江干流,60105400,寸滩,1771794000000,4,167.300
4710,长江干流,60105400,寸滩,1771797600000,4,167.270
4660,长江干流,60105400,寸滩,1771801200000,4,167.250
4830,长江干流,60105400,寸滩,1771812000000,5,167.260
4850,长江干流,60105400,寸滩,1771819200000,5,167.290
4800,长江干流,60105400,寸滩,1771822800000,6,167.290
4940,长江干流,60105400,寸滩,1771826400000,6,167.290
4910,长江干流,60105400,寸滩,1771830000000,6,167.290
4780,长江干流,60105400,寸滩,1771833600000,6,167.290
4700,长江干流,60105400,寸滩,1771837200000,4,167.280
4630,长江干流,60105400,寸滩,1771840800000,4,167.260
4650,长江干流,60105400,寸滩,1771844400000,6,167.260
4690,长江干流,60105400,寸滩,1771848000000,6,167.260
4730,长江干流,60105400,寸滩,1771851600000,6,167.260
4610,长江干流,60105400,寸滩,1771855200000,6,167.260
4670,长江干流,60105400,寸滩,1771858800000,6,167.260
4590,长江干流,60105400,寸滩,1771862400000,5,167.270
4580,长江干流,60105400,寸滩,1771866000000,4,167.240
4660,长江干流,60105400,寸滩,1771869600000,4,167.200
4600,长江干流,60105400,寸滩,1771873200000,4,167.150
4640,长江干流,60105400,寸滩,1771876800000,4,167.110
4700,长江干流,60105400,寸滩,1771880400000,4,167.070
4650,长江干流,60105400,寸滩,1771884000000,4,167.030
长江干流,60105400,寸滩,1771887600000,4,167.010
4770,长江干流,60105400,寸滩,1771898400000,5,167.030
5000,长江干流,60105400,寸滩,1771905600000,5,167.060
5140,长江干流,60105400,寸滩,1771909200000,5,167.080
5160,长江干流,60105400,寸滩,1771912800000,5,167.100
5110,长江干流,60105400,寸滩,1771916400000,5,167.120
4900,长江干流,60105400,寸滩,1771920000000,5,167.130
4730,长江干流,60105400,寸滩,1771923600000,6,167.130
4670,长江干流,60105400,寸滩,1771927200000,6,167.130
4450,长江干流,60105400,寸滩,1771930800000,4,167.110
4430,长江干流,60105400,寸滩,1771934400000,4,167.100
长江干流,60105400,寸滩,1771938000000,4,167.090
4440,长江干流,60105400,寸滩,1771941600000,6,167.090
4380,长江干流,60105400,寸滩,1771945200000,5,167.100
4250,长江干流,60105400,寸滩,1771948800000,4,167.090
4240,长江干流,60105400,寸滩,1771952400000,4,167.060
4200,长江干流,60105400,寸滩,1771956000000,4,167.010
4230,长江干流,60105400,寸滩,1771959600000,4,166.960
4300,长江干流,60105400,寸滩,1771963200000,4,166.920
4360,长江干流,60105400,寸滩,1771966800000,4,166.880
4380,长江干流,60105400,寸滩,1771970400000,4,166.840
4430,长江干流,60105400,寸滩,1771974000000,4,166.810
4520,长江干流,60105400,寸滩,1771981200000,5,166.820
4550,长江干流,60105400,寸滩,1771988400000,5,166.850
4490,长江干流,60105400,寸滩,1771995600000,4,166.850
4450,长江干流,60105400,寸滩,1771999200000,6,166.850
4430,长江干流,60105400,寸滩,1772002800000,4,166.840
4480,长江干流,60105400,寸滩,1772006400000,6,166.840
4560,长江干流,60105400,寸滩,1772010000000,6,166.840
4610,长江干流,60105400,寸滩,1772013600000,6,166.840
4610,长江干流,60105400,寸滩,1772017200000,6,166.840
4560,长江干流,60105400,寸滩,1772020800000,6,166.840
4420,长江干流,60105400,寸滩,1772024400000,4,166.830
4310,长江干流,60105400,寸滩,1772028000000,6,166.830
4170,长江干流,60105400,寸滩,1772031600000,6,166.830
4170,长江干流,60105400,寸滩,1772035200000,4,166.810
4080,长江干流,60105400,寸滩,1772038800000,4,166.770
4110,长江干流,60105400,寸滩,1772042400000,4,166.720
4230,长江干流,60105400,寸滩,1772046000000,4,166.660
4330,长江干流,60105400,寸滩,1772049600000,4,166.600
4530,长江干流,60105400,寸滩,1772053200000,4,166.560
4880,长江干流,60105400,寸滩,1772056800000,4,166.530
5080,长江干流,60105400,寸滩,1772060400000,4,166.510
5180,长江干流,60105400,寸滩,1772064000000,5,166.520
5210,长江干流,60105400,寸滩,1772074800000,5,166.610
5200,长江干流,60105400,寸滩,1772082000000,6,166.620
5190,长江干流,60105400,寸滩,1772085600000,5,166.630
5180,长江干流,60105400,寸滩,1772089200000,5,166.650
5180,长江干流,60105400,寸滩,1772092800000,5,166.660
5160,长江干流,60105400,寸滩,1772096400000,6,166.660
5130,长江干流,60105400,寸滩,1772100000000,6,166.660
5050,长江干流,60105400,寸滩,1772103600000,6,166.660
5030,长江干流,60105400,寸滩,1772107200000,4,166.650
5040,长江干流,60105400,寸滩,1772110800000,5,166.660
4990,长江干流,60105400,寸滩,1772114400000,6,166.660
5020,长江干流,60105400,寸滩,1772118000000,5,166.670
4970,长江干流,60105400,寸滩,1772121600000,6,166.670
5000,长江干流,60105400,寸滩,1772125200000,4,166.650
5100,长江干流,60105400,寸滩,1772128800000,4,166.620
5100,长江干流,60105400,寸滩,1772132400000,4,166.580
5140,长江干流,60105400,寸滩,1772136000000,4,166.550
5150,长江干流,60105400,寸滩,1772139600000,4,166.510
5190,长江干流,60105400,寸滩,1772143200000,4,166.500
5270,长江干流,60105400,寸滩,1772146800000,4,166.490
5270,长江干流,60105400,寸滩,1772154000000,5,166.510
5350,长江干流,60105400,寸滩,1772161200000,5,166.540
5720,长江干流,60105400,寸滩,1772168400000,5,166.560
5850,长江干流,60105400,寸滩,1772172000000,5,166.570
长江干流,60105400,寸滩,1772175600000,5,166.590
5900,长江干流,60105400,寸滩,1772179200000,5,166.610
长江干流,60105400,寸滩,1772182800000,5,166.630
5930,长江干流,60105400,寸滩,1772186400000,5,166.640
5900,长江干流,60105400,寸滩,1772190000000,5,166.660
5900,长江干流,60105400,寸滩,1772193600000,5,166.670
5900,长江干流,60105400,寸滩,1772197200000,5,166.680
5870,长江干流,60105400,寸滩,1772200800000,5,166.690
5680,长江干流,60105400,寸滩,1772204400000,6,166.690
5630,长江干流,60105400,寸滩,1772208000000,6,166.690
5610,长江干流,60105400,寸滩,1772211600000,4,166.660
5710,长江干流,60105400,寸滩,1772215200000,4,166.630
5720,长江干流,60105400,寸滩,1772218800000,4,166.580
5760,长江干流,60105400,寸滩,1772222400000,4,166.540
5820,长江干流,60105400,寸滩,1772226000000,4,166.500
5840,长江干流,60105400,寸滩,1772229600000,4,166.480
5870,长江干流,60105400,寸滩,1772233200000,4,166.460
5830,长江干流,60105400,寸滩,1772240400000,5,166.480
5750,长江干流,60105400,寸滩,1772247600000,5,166.510
5730,长江干流,60105400,寸滩,1772251200000,5,166.520
5660,长江干流,60105400,寸滩,1772254800000,5,166.530
5600,长江干流,60105400,寸滩,1772258400000,4,166.520
5600,长江干流,60105400,寸滩,1772262000000,4,166.510
5520,长江干流,60105400,寸滩,1772265600000,6,166.510
5500,长江干流,60105400,寸滩,1772269200000,4,166.500
5490,长江干流,60105400,寸滩,1772272800000,4,166.490
5440,长江干流,60105400,寸滩,1772276400000,4,166.480
5510,长江干流,60105400,寸滩,1772280000000,4,166.470
5590,长江干流,60105400,寸滩,1772283600000,5,166.480
5560,长江干流,60105400,寸滩,1772287200000,5,166.490
5630,长江干流,60105400,寸滩,1772290800000,5,166.510
